11111111111111111111111111111111111111111111111111111111111111111111111111111111111111111111111111111111111111111111
1               1
1               1
1               1
1       N       1                       
1       1       1                                                                       1
1   *       *   1                       1                                               1
1   1       1   1                       1                                               1
1         *     1                       1                                               1
1         1     1                       1                                               1
1               1                       1                                               1
1               1                       1                                               1
1     *         1                       1                                               1
1     1         1                       1                                               1                                        
1               1                       1                         1                     1
1               1                       1                         1                     1
1               1                       1                         1                     1
1               1                       1                         1                     1
1       *       1                       1                         1              P      1
1       1       1                       1                         1         1    1      1
1               1111111111111111111111111                         1                     1
1               1111111111111111111111111                         1    1                1
1               1111111111111111111111111                         1         1           1
1               1111111111111111111111111                         1              1      1
1               1111111111111111111111111                         1                     1
1               1111111111111111111111111                         1      1              1
1               1111111111111111111111111                         1                     1
1               1111111111111111111111111                         1              1      1
1               1111111111111111111111111                                   1           1
1               1111111111111111111111111                              1                1
1               1111111111111111111111111                *                V             1
1               1111111111111111111111111         *      1111     11111111111111111111111
1               1111111111111111111111111       1111                                    1
1                                                                                       1
1                *    *    *    *              V                    V      *    *   * P 1
11111111111111111111111111111111111111111111111111111111111111111111111111111111111111111