22222222222222222222222222222222222222222222222222222222222222222222222222222222222222222222222222222222222222222222
2               2
2               2
2               2
2       N       2                       
2       2       2                                                                       2
2   *       *   2                       2                                               2
2   2       2   2                       2                                               2
2        *      2                       2                                               2
2        2      2                       2                                               2
2           *   2                       2                                               2
2           2   2                       2                                               2
2     *         2                       2                                               2
2     2         2                       2                                               2                                        
2               2                       2                         2                     2
2               2                       2                         2                     2
2               2                       2                         2                     2
2               2                       2                         2                P    2
2       *       2                       2                         2               22    2
2       2       2                       2                         2        22           2
2               2                       2                         2                     2
2               2                       2                         2              22     2
2               2                       2                         2         22          2
2               2                       2                         2                     2
2               2                       2                         2    22               2
2               2                       2                         2        22           2
2               2                       2                         2                     2
2               2                       2                         2              22     2
2               2                       2                                   22          2
2               2                       2                              22               2
2               2                       2                  *                V           2
2               2222222222222222222222222         *      2222     22222222222222222222222
2               2222222222222222222222222       2222                                    2
2                                                                                       2
2                *    *    *    *              V                    V      *    *   *   2
22222222222222222222222222222222222222222222222222222222222222222222222222222222222222222