33333333333333333333333333333333333333333333333333333333333333333333333333333333333333333333333333333333333333333333
3               3
3               3
3               3
3       N       3                       
3       3       3                                                                       3
3   *       *   3                       3                                               3
3   3       3   3                       3                                               3
3         *     3                       3                                               3
3         3     3                       3                                               3
3               3                       3                                               3
3               3                       3                                               3
3     *         3                       3                                               3
3     3         3                       3                                               3                                        
3               3                       3                         3                     3
3               3                       3                         3                     3
3               3                       3                         3                     3
3               3                       3                         3                     3
3       *       3                       3                         3                     3
3       3       3                       3                         3         3    3      3
3               3                       3                         3                     3
3               3                       3                         3    3                3
3               3                       3                         3         33          3
3               3                       3                         3              3      3
3               3                       3                         3           P         3
3               3                       3                         3          33         3
3               3                       3                         3                     3
3               3                       3                         3              3      3
3               3                       3                                   3           3
3               3                       3                              3                3
3               3                       3                  *                V           3
3               3333333333333333333333333         *      3333     33333333333333333333333
3               3333333333333333333333333       3333                                    3
3                                                                                       3
3             3   *    *    *    *              V                    V      *    *   *  3
33333333333333333333333333333333333333333333333333333333333333333333333333333333333333333